101000101110
010101001000
110010000100
011100100101
001110110101
010110101011
110011010001
010100010110
011010000111
110101110111
110110010011
010110111000
111101000110
001100010001
101010001001
000111111010
111100011010
011101111001
100000010110
010000011111
011111010000
000010000010
110001100111
101111011111
001110001000
111010100010
101001100111
011001111000
000111000101
011100110010
010010111110
001001110001
000111010001
111101011000
111100111100
001111100100
011100101111
011001111010
000010011111
110101100110
011100101000
111001111010
100010101011
111001011110
100111011101
101110000111
100000011100
100000100001
101001110100
111000011111
101101000110
011100100000
010101011011
001100001101
010010101000
100000111100
100110101110
101001001111
011001000001
001111100100
000110000011
110011100011
001011010101
010011110110
110100001000
101110001001
010101010011
101111001011
000010100001
000010000010
101001101111
001111000100
100100100000
000111010110
100011010110
001001100111
100000100001
000011001010
001111111101
110010100010
000000100101
111000010110
010000010000
000001001100
100111011111
110110001110
100110011110
001100010001
100100001100
011001101101
111010010010
001110001000
111100110011
100101011010
101001011100
011100010110
000010001010
101000010101
010111010001
100101011001
010101111001
100100011111
101000100001
101110010010
110111110110
000101101000
101100111100
110111011010
001101011001
010010101101
001011011111
100011101111
001101011110
010011111111
111100000001
011001000110
110111001001
000100111101
100101001011
000011001000
100100001110
100110001110
011001001110
111000101100
000100001000
010001001001
100110110010
111011011000
100101100101
001101001000
001110001100
011111001001
110001100110
101011101100
011011110010
010110101110
110100001001
101001011111
110011100010
011000001101
011010001100
011001100110
110101110011
110111110111
111010111101
100101000011
100001001101
100010000010
100110001010
001000011000
111110110000
010100001101
111011100110
101000101110
110001011110
111100100101
111111111101
110001010010
011001010000
101111000010
110010000101
010101110101
111001100111
001000010100
100010011111
101000010010
110010000100
100010101000
100110010101
010011100111
110111000100
001001010101
111111101010
001101000110
101001110101
100010111000
011000001011
111100110000
000111011010
110000001111
101111001001
111011111101
010111000111
111100100010
011010110001
010010111110
110000010111
011001010111
000001110111
111011101011
111101100000
101001111001
111111000011
100101010000
000011011000
100110000011
110000100110
100100101110
110100101001
010111101111
010000000000
101100000100
110011010001
010010011010
101001110010
001011010100
100111000100
000100100111
101000111010
000001101110
000100011000
110010010110
001000010011
101110110001
101001111010
011110110111
011000010110
011110011111
111011010000
001111110010
111010101101
110000101011
110001011101
010010100001
100110001100
111001100001
101010110010
101110110100
100010000111
100111001000
010110011101
100100011010
101000111011
000110001001
010111101011
111010101010
110101010011
101000011011
000010100010
111010100100
110101010100
000001010111
111011011101
111010110100
011110101101
010100001110
010101100110
111011100101
010100101100
100110101110
010111111000
011010110111
001010110000
010111001011
010011111110
110111100000
110101101001
010010101001
001110110110
111011010010
110100011100
001101001100
100011100000
010100000111
001110000111
011111011111
101100110111
110010001111
001110111100
100111100000
010011101101
100100010100
111011111110
010100011011
111001001101
000011001001
110101010111
011000011111
010110010100
100111100100
111011110111
110101100011
101101001111
111100000110
000101010100
110011001110
010000110101
110101101010
100101011000
000111111001
011110111011
111001111001
111000000111
000110010101
011100100011
101100111100
010001101100
101000100000
011111000100
110000111011
011101011100
111101001100
000110011111
111010010101
001101001111
100110101010
001010001000
111110010100
100010000010
100011110100
001111101001
100111010010
001010011101
000010100010
101010101110
110110000101
010101010000
000110101011
111010000110
111010100111
001100001010
001110101011
110101101111
101010000010
010001110000
010100010001
011101101000
011110001101
100001110111
101110010100
111000000010
110100111111
100011110101
010011011110
011101101010
101011100000
110001111001
001101100100
111010110011
001001100101
001100000100
100010100111
000000010111
110000100100
010011011000
010010000111
111101011111
001001101110
100001001111
011011101110
101000111100
110100111100
000011100000
010000000010
111010001011
111001111010
100101010110
000101110101
110100000001
010001010101
111010001000
110100111011
111110001111
100110111111
001000110000
000111110000
111001110000
011010110011
100001000101
001111101001
101001000110
101000000100
001010001011
011110101110
110110010001
001100001111
001101010111
001100011010
101110111110
101100110101
010101111111
010110110010
000011111101
100001000000
011001101010
100010001111
000000011111
101000100100
001010111010
010101000101
111101101111
011100111101
011001000110
100000010111
011001011011
001001101110
011010010110
111100010011
101111011111
111110101110
111001110000
001011010111
101110000100
111111110000
001111111011
000001110010
010010000000
110100010001
100100100110
100010011111
110100111010
010000100110
110011100011
010111000110
010101110000
000011001110
111111110011
000010101001
000011001011
111001010100
101110101101
001100110110
100101011110
001110011011
001010011000
100100010110
000111100000
100001111011
101011010110
110010000110
100000001101
100000011010
111001011001
010111011100
110000101100
001000101110
100101100001
010111110010
101011100001
000111001011
001011011110
001011110010
100010111100
010110011011
001000011000
100001111100
110001001111
110001011111
001100000111
111100001100
101101100000
010111010110
111110010110
010001110000
001000000010
101101110001
001011111011
011001100000
001000110111
101011000111
101011000000
010101101011
010111111011
100000001100
000001111011
100011110100
101110111001
110110011101
000000101101
010101111011
100101011001
011101110100
011110001101
011000100100
110010101011
000111100011
001111101001
111111101100
111010001011
000101101110
111111101101
011011101010
101011111010
110100010011
001110011111
011101011001
011000011100
011100011101
000010000000
101000011011
111101010010
001110001001
100011010101
010010111101
011100100001
010110101000
011001000111
101010001011
100011011000
110010100110
101100101000
001001010001
000011110010
111010101100
011111110100
010010110101
011010000000
010010100101
110001100001
011000011010
101010111010
101101010110
111100111011
000111111001
110001111000
001010011110
101100100000
001001010010
010100110111
111000111010
101011011001
101001011011
001001000001
110100101001
001011101011
100101110011
000011011101
001010010010
110101100101
000010100111
000010100010
111011111111
101010001011
010111100011
000010100001
100111110111
110101110111
010101110101
001110010001
011101111010
101101011000
001100101100
101111010000
101001011111
010111011100
001101011001
110100010111
101110010111
011001111011
011110101000
010010110110
000011001110
001011110101
001011111010
001000010010
110100100000
110001101010
100011101111
010000101000
000111010111
100110011001
111010000001
101010111101
110011110011
000100011100
010010000000
011110101011
101000100011
011100000010
111100100100
111111110110
101001110101
000001010001
110111010110
001001110100
100110110010
101100101010
010110110100
111011000110
110111001100
011000100111
000011110011
000011000010
110001101000
001101010110
011011010001
110111101001
111110110111
111111110001
100011100111
010100111011
011100001110
110010111011
110100010001
010000100000
001011110111
011100101111
101110001100
111111100010
110000101010
000011101111
011000011000
000000110100
000110111011
100110011011
101000010001
100001011001
000001110110
011110110000
000101100001
010110001000
001001111111
110101111110
111101010001
010111100110
100110000101
001011100000
011110110001
100101100101
000001111101
010001110101
111110000110
011100000100
011010101101
101100001111
010101001101
000010101111
101111010100
011101000110
111011111001
001111000111
001101110010
101110010111
111010010000
100000101101
110100110111
101000011010
110010100111
011101111101
010100110001
011100110001
111101111101
111101010010
000100101100
001110100010
101011001010
111000110101
010000010111
001101100001
000111010110
100111010001
110110000111
101001110000
011001011100
101001001010
011100011001
010000011010
100011111011
110111000111
110001001100
011110011100
110101000110
100010000000
011101110110
111000111000
010001100110
100110111011
010100001011
011110000111
010001000100
011010010100
000100101111
101011110011
010111110011
010010000000
100100000100
010010010101
001011010110
111000011101
101000000000
101111110001
001101010110
001001100010
010111011111
001011101001
100110100111
111111011000
000000100111
000011001011
101011110101
100000001101
011100001101
010001111111
101110001000
000111010000
110100011101
110110110000
110101000001
000000001001
001110110000
101101011011
000011110100
010010101001
111000101001
011111100010
111101001000
101010111011
101111100001
000011010110
010101010100
011001001010
010110111011
011001110000
001100011011
001010100001
011100001010
110000001110
000000110101
110011101110
001011010010
011110001010
110101100011
000001111111
001100011001
011011001001
101001011011
100100100010
011100110011
110101111111
010011011110
000111100001
101111111000
110100111111
100110010000
111001111001
110111110100
000100111101
001000100100
111111010011
111111101001
000000101100
010010010011
100110111001
011001001100
100111010101
000100101111
100010101110
000101101001
110011111010
101011001100
110011010011
011111010000
001010001011
111110010110
011101110101
010110110111
101011100101
010000010100
000011100001
110101101110
000001011100
010011000010
000101110011
101110011011
100000111101
101101000001
111000101111
011000100001
111011001011
001100101010
010100010011
010001010110
001011101001
100001110111
111001000101
101111110001
010000101100
001101111011
111100010001
010100111011
000010110101
011110000101
110011110100
110100101101
000110111011
011101101001
010101101111
101100001001
001110011001
111011010100
111101111001
110111100000
011100101000
100001110001
000100010010
001011100011
011011001011
010000010100
111000111010
100001011000
000100100001
000111101000
010100001101
111010000111
011010100110
110110001011
010011110111
101000010100
101011010000
011001111001
001100111101
001101101111
001011101111
110000000101
011001001101
110110111101
110110001011
010101101110
010001001111
100111111101
001111101111
001011111110
001011011000
011001001101
011111011100
000011001001
000000110100
010110001000
100010001010
000111100010
100100010000
000110000010
001000010000
010011100100
011101000010
010110011111
110011110001
100000111010
111011110100
001100000110
100100010111
111100010011
010011111101
010010100111
010101000001
010100011101
110001011010
010110111011
111000110111
001011100100
001110000111
000110000000
010001110100
110000011100
111101000010
100010101011
011111010000
000101000110
111000011100
110101110011
010010011001
111000000110
111001010111
110110111000
101100101100
111000110001
011001001010
100011001001
101001010011
000110001110
000110100110
011110011100
100101000000
100110111111
001011101000
010100100000
010011111011
111101010111
011101111010
100010111010
011001100010
010011100000
111011101001
000010001111
010101111011
000100100101
011011001001
010101100001
010010010110
111010001000
000010011010
101101101111
010111101001
001110110110
101011000011
000000110101
001100001001
011111111110
010100110111
111101000101
110100111110
011010111000
011100001101
000000000001
111101001000
110000011110
110111000101
010011010110
000001001101
001001000110
011111110111
101010110111
110011011010
010100111100
000101100010
110011000101
000100000001
011110110101
011010010100
001111101101
101100010110
110101000010
001010101011
101010011100
000011011111
101001100001
100000011001
011010011001
100111110110
010110110000
011111111000
001011001000
010110011110
001010000001
011110010001
110100010001
011011111111
000110001010
101101101101
101111101010
110100101110
101011000011
001101100111
011110110000
010000011010
110100100010
000110111001
011111001110
101100111000
001111111101
000010001011
000011001000
010111110000
101001010110
100101100011
111100001010
100110100100
101100011110
101001100100
101010100001
111110010111
100000011010
111000010100
000100111111
111001110101
111010000001
000011101111
010011101000
010110010011
001001000000
010111000100
101110000111
100100100010
010011101000
101001010101
100010110110
110010111001
110101011010
011001001011
110111111100
111010000101
001101100101
011000110110
010111011110
111011111101
010010100000
010100110100
011010001001
010001001111
010111100111
001111101000
111101001101
000001110011
010001000000
110110110001
011000001101
100101010101
011101111001
101001011110
010110100001
001111110101
111101000010
001000111100
011110011110
111100001110
110000000110
111110011100
010001111110
010010101001
110010010011
100101011011
010100101000
001100001010
011110110101
101111100000
110110111010
000010010111
111010010010
110010000010
000110101110
100011100011
100011011110
101100111000
010010011000
101010100011
100111010000
111011100011
110110110111
011111101111
100111011000
010010011000
010000000111
011101001001
000101111010
111100111100
110011101000
001110100100
011111010100
001001101001
010011110101
101010010000
000001011111
111001101010
001110110111
010111000011
100101100101
110111001111
011001010001
111011111000
011000010101
011101111001
011010001011
101001001110
110001111000
011111011100
101110101011
001101000010
010000100101
111000111110
000011001011
010111000001
110011100011
011001010111
110011000001
011100110110
100111000111
110001100101
101110110001
111000101010
101110011111
101101011001
111011000100
111010101001
011010110010
110010110010
110010100111
010110001000
111011101010
001000000011
000000001010
111101111001
000100010111
000101011011
011001001101
010000110111
101110100110
100111110101
000011010011
101001000001
010101100101
011000111001
011001110011
011110011000
110011110000
110010100110
011100001110
110011001011
101000000010
010110111100
011110111010
001101110011
000110000101
010110011110
010101011000
010001100110
101001011010
001000110001
110011100110
100100111000
100010011101
001010000000
001101101111
110001010111
100011111110
010101110001
010110010110
101111111100
000110011011
110110011111
010000110011
100000111111
011101010001
011100011111
101011110000
100001100010
010001001000
110010110100
000010001011
100011010101
100110100000
111101010000
011111100001
111110111001
000011011001
100110100011
001010001100
101100110101
110001101001
010000111001
011000100001
001001000001
011000001001
100001100000
101101111001
100010101010
100101111011
010101100001
001000001000
010001011000
010011010110
010010000000
100010111111
101010011000
011100000100
111101111101
101000100100
011010100011
110000011111
011011110001
111011111111
010010111101
100110111100
011011111100
010010111011
101010011110
000001111001
110101101110
011010100010
011111011101
110110011001
011100000111
010101101010
101110010101
100110100111
111010010010
101000010001
110001001001
000010100100
101101110000
100111101100
100000101100
001011110111
101000000101
111001000111
101010101101
001100100000
100111111011
100000110010
001100010001
010100101110
110101001011
010110101000
101101001010
011001111010
111110101100
011010110001
101110111111
110000000000
110111010010
110011011111
100110000001
111111010101
011111001100
001101110010
001100101011
011111111100
000010000000
110010101110
001010110101
101100101111
011011000011
101001101010
101011011110
110000100100
111011100001
010100011001
111001100111
010111011011
010111011100
111101001111
001101101100
111101111010
011010011011
101001110101
100011100111
111101011100
011111010101
111000000011
110000001111
101001001000
001110011101
110101110000
010000110010
101010010110
101010111110
000111100010
010000100001
010011011000
110101001110
110011110101
011111101111
100101110101
111000100000
101011011011
101110000111
011000101110
010101011001
110111101110
110000011111
110001001110
010001011110
000110001011
010101101100
011001011010
111011100111
000100010101
011110110010
001100000001
001001110010
011110010100
011001100001
000100000000
001101110010
100110100110
010110101001
000110010011
100011101101
101001001000
010111101101
010110001101
110010111111
011100011011
011010110010
110001110010
010101111010
110000101100
010000010000
010000000111
011011111000
111111100101
000100011101
101011110001
011100101101
110101011010
010101101001
011000010111
110000011101
100010000101
110110001111
111011010101
010010110110
111101110100
000101000101
110110011000
111011011000
011111010110
011100110111
010010010111
011011111010
111000110100
000001111011
111011011100
001010110110
010110111000
000100101101
111100001111
001011001001
111111100001
010001010110
110011010001
111010111100
110111101110
011001110001
010100001011
111000001011
000111010101
100000000110
101101100010
000001101100
010001001000
101101010110
110000101010
100001101101
111000111111
111111111100
110010011101
101110100110
110010100011
010000010011
001100111000
000101000010
100001011100
111011011000
001010001001
101100010111
010110110001
111101011000
110111111111
111101000111
110000000101
101111110100
010101110110
001001000111
010111011010
101010111000
101011000011
100100011100
010110100100
111001110000
010101001111
110011010001
010111011100
101100101000
000010000110
001111010101
001100001000
001000101011
001110110000
101100010010
111011100111
001010000110
011100011101
001011101100
101010001001
011001111111
001110101011
101011101100
010101001001
100011011001
111001010100
011111000000
100100110011
001110110110
001001011010
001010010100
100101100010
011111000000
010011110000
110011100000
110000110011
000010001100
011100000000
001000101010
101111010001
101101100101
111110010111
110011110111
100100000010
000011001100
110111001101
111101100000
001011100001
001001001010
011011010001
001101110111
111111010000
001100101101
001111010110
101110100110
101011001011
110100001011
001000010000
111011011000
010101101100
100011010101
001100001011
100111001101
100101111001
001001010111
100110011000
011000000111
010011001000
010001101010
001100110101
100000011011
111010010111
010001101110
011101010000
101110100111
100101100011
001110111100
000011001111
101001001111
010110000100
111101011010
111010110100
010001111101
111010010111
011010101011
001010100110
111000101001
010110000001
101001000001
101100101100
000011101100
111000101010
110110111100
101010010111
111011111001
111101010000
000001101110
010001100011
110100001101
001111101100
111011001001
111001101111
000010111110
000001000001
101111110110
000101110101
111011111011
100011101011
101110101100
101000001101
011101010101
101001101010
111100111111
111011001101
110000111010
001011101110
101001100100
111001010111
011000001100
001101100010
100111001011
110100010011
101000000111
101000010101
010100000101
011101000000
100101110000
110001010010
101010010100
100100011011
110000010111
000101001011
111111001110
111010010111
101100111000
010010110101
111101010011
001001011011
001001010110
000110101000
101100000011
010100001001
010011011101
000010111100
001101101111
111110111001
111000000110
100000001101
010011010101
001000010100
011101110110
010111101111
010000010101
000101011010
001100000110
000010101101
111111111101
111110001101
011000101001
110011001011
110110110000
100111110010
111111011011
010110110110
101011100000
101100011110
110001001010
100011110101
110001001001
011110101000
110010010010
010011110110
100110010001
010001011010
001010010101
101111101110
111001010100
000101011110
101110111010
100110111001
111111001001
100100111110
110000110001
001101001001
101001010100
101110110000
011111111111
000101011110
100111010011
000101000110
000001001000
001110110001
001111111010
011111001111
100001011110
000101011110
100100110010
100110011000
100010101011
111110010101
001110101110
100001011110
010010001100
110000010110
101011001000
001101101100
100001101001
010000000011
111000010111
101010111111
111100011000
001110000001
000001101010
000101011100
110000100011
111010000010
011010010000
111001101110
011110111100
101101111011
001000101111
100001110100
101111100010
000101000001
000000110010
111010010111
110000101010
011011011101
110111000000
001111000010
010011110101
011001110011
011001010011
000000001100
100000011111
000101011101
111111111011
011110110100
001000110010
100111000100
100010000100
000000001000
111111110000
010100011001
010001010000
100000100000
010010001011
010110010010
000011101000
110111110011
100110110010
010100100010
001100110100
110011100110
010100011101
000110101000
010111000110
110001010000
100111011000
010100011111
101111111110
010111101111
001000100001
010101111110
100111110100
110111000000
011011100000
011011111010
010110011100
101101011011
111101000011
101101111111
100001100100
111100110100
001111111000
111100011000
000101001001
100101110011
011100100010
110101000100
001110000111
110011100100
011101100111
000100111100
000110000000
011101000111
100010000101
100100111010
110111100001
010110111010
001010100101
001111011011
000101000011
110111010011
101101111110
011010111101
011101110011
001010100101
010110011011
001100111100
010011110111
011110011001
111010101011
010100000110
011011101000
101110011100
001011111100
011000010010
110011111111
000111101111
111101001011
010100001101
011011011000
000100001111
101011010101
011010010010
001000101001
111001011110
101111100111
101111011111
110010000011
101010100101
100011011111
010000001100
000111110110
000011100010
111111011001
100100010101
101111010000
111100010001
011100111011
100100111110
010110010110
110110100000
001100101111
101011000010
000001000010
001011100100
100001110010
101001001011
100011111001
111110011110
000010101000
101110010010
110100100111
101110010111
001101011010
100100111011
010001110110
110111110010
011010100010
100001101111
101100010000
110100101001
001000101110
010001001001
001010111001
011001000101
001011010000
011000010011
000100110110
011101000011
010001100100
001000111000
011010010110
001111000100
110110010100
111001110100
100010110111
000000101001
001101101010
100011110000
011000110010
011100000001
000011110110
001101101110
001101011101
101100001010
000010001111
010111001101
001011001101
011100010000
100111011011
010010000001
101111001100
101000110010
010111011001
100100000000
011101001011
111101000100
001000100111
000001101100
010100100100
100110010101
100000111111
110000111000
110011001110
000001100100
000010101010
110101110111
110100100110
100100000111
100101001110
000101001101
000111010010
100110101100
101101011000
100000001101
111000101011
000100011000
110110011010
110111001010
011101000010
110100100011
000000001000
011111100000
000111100010
010010101011
010101110100
110101100110
110011110111
001001111000
110100011100
100011010001
011011111110
000111010010
100100110100
001001000001
000110110101
001010011110
111110100101
011101110110
001011011010
011010100100
110110000100
000111010011
001010011111
111011110101
000010010011
011101000111
100011100101
111111100010
110010111100
011011010000
101011011001
110011011100
010010101111
111110001011
010100111111
011110101000
101001110011
001000100011
011010111101
001110010101
100111101010
101110110111
011110100101
110100010010
011111011111
001000111101
001010100101
110111111001
011001000110
101111000101
000101101110
001111000001
011110111110
000000110111
111110011000
001010101111
110000100111
100100011010
010000101001
100011111100
011011111100
101100011000
011001100101
110010100010
110100010001
010011000000
000111111110
011111110001
001001111110
101101101010
011001100000
010101011111
001111101101
000011010110
011100101000
110110111001
010011000001
000011111100
011111011010
101001110111
001111010110
110100011010
010100011111
100010010101
110111110100
000011000011
111000001010
011000000000
101100010100
110010110010
000100010110
011010101111
001011001111
000100100011
111110001001
010110011000
100110001010
111101110001
101101001001
111001100101
011100001100
011110101111
100011010100
101101011110
111000100100
111100100011
011100001000
001011100100
110111000011
001101010010
110000001110
100101000011
111000110001
000110000100
111001110110
000000100001
100001011001
000010100010
010000000010
001110000111
110000000111
111000000000
000100010110
001000101110
001010100101
110001110010
001111110011
001000010000
111101000110
110111111011
110011101010
011001101000
100110000000
010001001000
101101110000
110100111111
010000111110
000101111000
100110001011
101001011111
100100101011
011011010001
010110001110
011000111000
100000000011
010000001001
010101101110
010001010000
011010011000
011100110010
001111100101
110011110010
011011011000
010000011101
000001011010
100010111111
000100110001
110101001111
001101011111
111000001011
111010110111
011000010011
110100110111
100100011110
010010000011
011010101011
101111010001
011110010010
100001001111
000010110001
101011010011
000000011001
101011010000
000111101101
011001001010
011001101000
000110000101
101100111101
100111111110
101000010111
001101101010
110011001000
110001011100
111100110010
000000000111
001100110110
110110110000
010110111011
110000111010
010011011110
010111111110
111100011100
110001001111
010001110010
010001011011
010111011001
001000110010
001010110000
111011010111
011001100101
001011101010
100000010011
100011101110
101111001000
011001000110
001111011001
010001001100
000110010101
100110011011
000101001000
011001011101
010100110011
000111000000
010011010011
110010100100
110110111110
101101010111
101001000111
101110111001
111100011101
110111101111
000101101011
001011000111
011011101011
111100001011
011001110000
100110111001
011101000010
110011111101
110111010010
011100111011
110100011110
111111001111
010101010101
100010010011
111000110100
001011111100
100001101010
011000111001
111010111000
101100111000
101100000010
